1 0.5 0.5 1 1
2 0.52421875 0.6359375 0.1546875 0.5703125
2 0.66796875 0.5296875 0.08203125 0.27890625
2 0.86953125 0.52890625 0.09296875 0.30390625
2 0.5890625 0.51796875 0.05 0.2265625
2 0.63515625 0.5109375 0.0359375 0.15703125
2 0.41015625 0.47265625 0.03203125 0.0515625
2 0.290625 0.5203125 0.03671875 0.128125
2 0.2625 0.51953125 0.0359375 0.12265625
2 0.240625 0.503125 0.02421875 0.07734375
2 0.21484375 0.4984375 0.03046875 0.0796875
2 0.18828125 0.4921875 0.02734375 0.05625
2 0.121875 0.50546875 0.03046875 0.08515625
2 0.06015625 0.49609375 0.0265625 0.05546875